Average gain by rank and count price through 2010-10-01

A 17771 0.00921124303640762
B 5794 0.00199993096306523
C 5908 0.001772951929587
D 6255 0.000868441247002394
E 11850 -0.000795966244725744

0 1 273 0.00619523809523809
1 2 508 0.00745374015748032
2 3 849 0.00020153121319199
3 4 1809 0.00396434494195688
4 6 2352 0.000323852040816328
5 8 2092 -0.000254063097514343
6 10 5256 0.00281986301369863
7 15 4395 0.00515952218430034
8 20 6954 0.00353515962036238
9 30 8633 0.00358491833661532
10 50 14457 0.00523449540015215

 1  101   0.01114   23  -0.02154   19   0.01842   26  -0.00105  104   0.00711
 2  159   0.01322   56   0.00895   53   0.01229   53  -0.00329  187   0.00377
 3  226   0.00633   71   0.00548   80  -0.00500  107   0.00250  365  -0.00416
 4  436   0.00605  187   0.00348  201   0.00449  222   0.00996  763   0.00101
 6  580   0.00692  232   0.00452  254  -0.00168  297  -0.00532  989  -0.00232
 8  556   0.00930  183  -0.00718  235   0.00102  258   0.00141  860  -0.00580
10 1412   0.01285  562   0.00269  645   0.00001  736  -0.00041 1901  -0.00239
15 1356   0.01493  471   0.00296  532   0.00335  648   0.00023 1388  -0.00065
20 2186   0.01014  798   0.00284  844   0.00191 1030  -0.00226 2096   0.00041
30 3339   0.00571 1129   0.00095 1202   0.00179 1254   0.00187 1709   0.00368
50 7420   0.00911 2082   0.00219 1843   0.00195 1624   0.00277 1488  -0.00306