Average gain by rank and count price through 2010-10-01
all prices >= $30

A 8974 0.0108631379540895
B 3497 0.00337166142407777
C 3859 0.00213091474475254
D 4158 0.0014567821067821
E 7976 -0.000211810431293885

0 1 428 0.00397219626168224
1 2 758 0.00345303430079156
2 3 882 0.00425215419501133
3 4 1996 0.00181087174348697
4 6 2115 0.00618122931442081
5 8 1850 0.00663005405405406
6 10 3938 0.00316703910614524
7 15 2822 0.00272239546420978
8 20 4038 0.0039730064388311
9 30 4826 0.00469436386241194
10 50 4811 0.00540301392641864

 1  122   0.01256   35  -0.01184   29   0.01183   49  -0.00381  193   0.00220
 2  157   0.00416   83   0.01104   89   0.00819   90   0.00691  339  -0.00089
 3  172   0.02012   82   0.00867   96  -0.00107  106   0.00373  426  -0.00168
 4  427   0.01729  184  -0.00226  228  -0.00253  282  -0.00069  875  -0.00295
 6  490   0.02195  208   0.01051  274   0.00551  285   0.00111  858  -0.00197
 8  421   0.02473  167   0.00559  224   0.00147  279   0.00038  759   0.00064
10  970   0.00988  396   0.00335  498   0.00084  651   0.00100 1423   0.00034
15  730   0.00923  362   0.00409  357   0.00020  446  -0.00059  927  -0.00037
20 1285   0.00856  507  -0.00236  623   0.00132  671   0.00072  952   0.00519
30 1856   0.00799  666   0.00509  758   0.00533  701   0.00312  845  -0.00211
50 2344   0.00902  807   0.00356  683   0.00094  598   0.00325  379  -0.00162