0 5465   9.9283   0.0018
1 5230  13.1581   0.0025
2 4774  -0.3076  -0.0001
3 4219   6.3259   0.0015
4 3634  12.3806   0.0034
5 2994   1.7270   0.0006
6 2406   2.2247   0.0009
7 1863  -0.9394  -0.0005
8 1475   6.5152   0.0044
9 1210   3.9501   0.0033
10 972   1.2132   0.0012
11 789  -2.3223  -0.0029
12 658  -1.6513  -0.0025
13 540   2.0779   0.0038
14 456  -1.2233  -0.0027
15 359   2.2764   0.0063
16 292   2.8612   0.0098
17 230   0.5354   0.0023
18 178   1.4596   0.0082
19 141   1.0548   0.0075
20 112   0.5651   0.0050
21 93   0.5598   0.0060
22 80  -0.0423  -0.0005
23 61   0.9189   0.0151
24 52   0.0041   0.0001
25 40  -0.5527  -0.0138
26 34  -0.4987  -0.0147
27 32   0.0202   0.0006
28 32   0.5907   0.0185
29 26  -0.1618  -0.0062
30 22   0.0138   0.0006
31 19  -0.0285  -0.0015
32 15  -0.5619  -0.0375
33 12  -0.2667  -0.0222
34 12  -0.3063  -0.0255
35 11   0.1337   0.0122
36 10   0.2936   0.0294
37 8   0.4401   0.0550
38 3   0.2512   0.0837
39 2  -0.0656  -0.0328
40 2   0.0251   0.0126
41 2  -0.0572  -0.0286
42 1  -0.0535  -0.0535
43 1  -0.0199  -0.0199
44 1  -0.1119  -0.1119
45 1   0.0458   0.0458
46 1  -0.1679  -0.1679
47 1  -0.0219  -0.0219
48 1  -0.1233  -0.1233
49 1   0.1381   0.1381
50 1  -0.0247  -0.0247
51 1  -0.0806  -0.0806
52 1   0.0351   0.0351
53 1   0.1404   0.1404