0 11257  21.3163   0.0019
1 10756  21.2031   0.0020
2 9781  -5.7301  -0.0006
3 8663  18.7274   0.0022
4 7414  22.7262   0.0031
5 6099   4.7926   0.0008
6 4895   9.5928   0.0020
7 3742  -5.7445  -0.0015
8 2929  12.3503   0.0042
9 2372  14.1989   0.0060
10 1899  -1.4036  -0.0007
11 1538  -3.4349  -0.0022
12 1276  -1.2204  -0.0010
13 1045   5.2992   0.0051
14 873  -1.2943  -0.0015
15 673   2.6137   0.0039
16 548   4.0958   0.0075
17 433   1.5442   0.0036
18 332   2.5161   0.0076
19 262   0.4125   0.0016
20 211   1.4060   0.0067
21 173   1.8364   0.0106
22 142   0.4183   0.0029
23 107   1.1595   0.0108
24 89  -0.1428  -0.0016
25 70  -0.5323  -0.0076
26 57  -0.5568  -0.0098
27 46   0.2397   0.0052
28 44   1.5368   0.0349
29 35  -0.1060  -0.0030
30 30  -0.0092  -0.0003
31 24  -0.1358  -0.0057
32 19  -0.5872  -0.0309
33 16  -0.3136  -0.0196
34 16  -0.4046  -0.0253
35 14   0.3015   0.0215
36 13   0.2349   0.0181
37 11   0.4783   0.0435
38 6   0.2241   0.0373
39 3  -0.0265  -0.0088
40 3   0.1894   0.0631
41 2  -0.0572  -0.0286
42 1  -0.0535  -0.0535
43 1  -0.0199  -0.0199
44 1  -0.1119  -0.1119
45 1   0.0458   0.0458
46 1  -0.1679  -0.1679
47 1  -0.0219  -0.0219
48 1  -0.1233  -0.1233
49 1   0.1381   0.1381
50 1  -0.0247  -0.0247
51 1  -0.0806  -0.0806
52 1   0.0351   0.0351
53 1   0.1404   0.1404