 0  835   0.01139  138  -0.00602   93  -0.00173   88  -0.01630  180  -0.01576
10  799   0.00004  138  -0.00968  113   0.00297  100   0.00507  211  -0.00177
12 1247   0.01116  287  -0.00774  218  -0.00468  206  -0.00658  361   0.00028
15 1326   0.00303  303   0.00258  292   0.00005  267  -0.00544  476  -0.00112
18 1237   0.00634  323   0.00379  258   0.00136  272   0.00455  539  -0.00685
21 1154   0.00940  373  -0.00099  356  -0.00245  390  -0.00020  688  -0.00004
24 1201   0.01168  397   0.00432  361   0.00211  373   0.00335  714   0.00165
27 1082   0.00732  374   0.00229  385   0.00839  425   0.00220  742  -0.00192
30 1369   0.00861  447   0.00027  476  -0.00112  509   0.00150  960  -0.00251
34 1160   0.00999  461   0.00458  495   0.00389  504   0.00519  936   0.00247
38 1012   0.01124  433   0.00645  454  -0.00043  500   0.00337  909  -0.00099
42  914   0.01288  407   0.00445  424   0.00486  433   0.00323  932  -0.00060
46  748   0.01143  340   0.00134  345   0.00267  370  -0.00114  730   0.00098
50  855   0.01152  331   0.00678  401   0.00277  455   0.00165  804  -0.00112
55  627   0.01123  281   0.00135  305   0.00286  372   0.00205  651   0.00071
60  898   0.01032  366   0.00225  432  -0.00178  450   0.00124  935   0.00082
70  574   0.00876  236   0.00490  241   0.00535  263  -0.00594  528  -0.00364
80  908   0.01386  250   0.00245  323   0.00645  346   0.00044  666   0.00205