Through 12/09/2010

A 17946  0.00930
B  5885  0.00210
C  5972  0.00191
D  6323  0.00100
E 11962 -0.00073

 0 -1.00000 1693 -0.23256
 1 -0.13680 2168 -0.10179
 2 -0.07640 2319 -0.06106
 3 -0.04840 2738 -0.03771
 4 -0.02860 2842 -0.02137
 5 -0.01500 3030 -0.00970
 6 -0.00490 3263 -0.00083
 7  0.00290 3658  0.00628
 8  0.00950 3659  0.01245
 9  0.01530 3316  0.01786
10  0.02050 2986  0.02282
11  0.02540 2634  0.02777
12  0.03040 2406  0.03294
13  0.03570 2110  0.03853
14  0.04160 1939  0.04481
15  0.04830 1748  0.05207
16  0.05630 1588  0.06132
17  0.06700 1434  0.07398
18  0.08250 1370  0.09467
19  0.11130 1187  0.16834

-1.00000  892 -0.24075  181 -0.21706  146 -0.22819  146 -0.21722  328 -0.22758
-0.13680  898 -0.10260  283 -0.10194  237 -0.10021  270 -0.10080  480 -0.10150
-0.07640  893 -0.06112  283 -0.06095  278 -0.06138  287 -0.06082  578 -0.06097
-0.04840  902 -0.03761  357 -0.03747  366 -0.03790  351 -0.03770  762 -0.03786
-0.02860  895 -0.02138  395 -0.02147  399 -0.02134  400 -0.02158  753 -0.02122
-0.01500  891 -0.00990  357 -0.00959  428 -0.00965  446 -0.00958  908 -0.00962
-0.00490  894 -0.00084  407 -0.00079  442 -0.00093  494 -0.00094 1026 -0.00074
 0.00290  904  0.00618  449  0.00626  509  0.00629  591  0.00641 1205  0.00629
 0.00950  902  0.01239  437  0.01255  496  0.01253  619  0.01242 1205  0.01243
 0.01530  895  0.01790  390  0.01787  453  0.01793  579  0.01785  999  0.01779
 0.02050  885  0.02284  367  0.02289  446  0.02284  475  0.02280  813  0.02276
 0.02540  908  0.02777  362  0.02786  341  0.02776  381  0.02771  642  0.02774
 0.03040  902  0.03302  308  0.03297  353  0.03278  345  0.03293  498  0.03288
 0.03570  891  0.03857  310  0.03855  269  0.03853  222  0.03861  418  0.03837
 0.04160  900  0.04492  262  0.04477  241  0.04472  201  0.04464  335  0.04468
 0.04830  903  0.05207  225  0.05212  167  0.05191  179  0.05196  274  0.05220
 0.05630  891  0.06152  180  0.06081  152  0.06084  137  0.06117  228  0.06134
 0.06700  900  0.07422  146  0.07372  104  0.07319   81  0.07340  203  0.07369
 0.08250  901  0.09504  117  0.09345   93  0.09400   81  0.09370  178  0.09440
 0.11130  899  0.17132   69  0.16459   52  0.15942   38  0.15712  129  0.15649

A 17946 136.69903
B 5885 22.16295
C 5972 19.00567
D 6323 18.32388
E 11962 40.42629

-1.00000  892 66.23523  181  9.88500  146  9.01873  146  8.53062  328 20.48103
-0.13680  898 11.51586  283  3.14962  237  2.53602  270  2.87840  480  5.01353
-0.07640  893  4.48591  283  1.14227  278  1.13207  287  1.11451  578  2.13388
-0.04840  902  2.01328  357  0.56972  366  0.59246  351  0.53823  762  1.07650
-0.02860  895  0.85679  395  0.22563  399  0.22199  400  0.20983  753  0.32799
-0.01500  891  0.33608  357  0.05151  428  0.06071  446  0.05348  908  0.07983
-0.00490  894  0.09650  407  0.00524  442  0.00573  494  0.00438 1026  0.00498
 0.00290  904  0.01221  449  0.00947  509  0.01165  591  0.01941 1205  0.06338
 0.00950  902  0.01102  437  0.04893  496  0.05742  619  0.08241 1205  0.21207
 0.01530  895  0.06819  390  0.09793  453  0.11742  579  0.16579  999  0.34470
 0.02050  885  0.16377  367  0.15953  446  0.19633  475  0.22675  813  0.45006
 0.02540  908  0.31156  362  0.24110  341  0.22853  381  0.27265  642  0.52161
 0.03040  902  0.50947  308  0.29429  353  0.33722  345  0.35252  498  0.56359
 0.03570  891  0.76576  310  0.41299  269  0.36158  222  0.31465  418  0.63995
 0.04160  900  1.14517  262  0.47810  241  0.44263  201  0.38362  335  0.69208
 0.04830  903  1.65592  225  0.56420  167  0.41834  179  0.46578  274  0.76903
 0.05630  891  2.43822  180  0.62210  152  0.52933  137  0.49736  228  0.88068
 0.06700  900  3.81109  146  0.75178  104  0.53029   81  0.42617  203  1.12856
 0.08250  901  6.68774  117  0.98388   93  0.79430   81  0.70093  178  1.62037
 0.11130  899 33.57927   69  2.46965   52  1.41293   38  1.08640  129  3.42246