   0  835 17.60666  138  0.59883   93  0.60024   88  1.20308  180  2.35764
  10  799 11.50452  138  0.81440  113  0.69594  100  0.30252  211  1.77745
  12 1247 11.79451  287  1.43751  218  1.07208  206  0.77566  361  2.15162
  15 1326 12.92019  303  1.62354  292  0.95872  267  1.02650  476  2.13769
  18 1237 10.49800  323  1.02542  258  0.96753  272  1.04144  539  3.14189
  21 1154  8.96712  373  1.65876  356  2.04552  390  0.80202  688  2.88162
  24 1201  8.78757  397  2.25296  361  1.49529  373  1.34512  714  2.73380
  27 1082  8.43637  374  1.48730  385  0.66780  425  1.26996  742  1.86566
  30 1369  8.56821  447  1.83524  476  1.69768  509  1.26236  960  3.45596
  34 1160  6.64717  461  1.44487  495  1.69781  504  0.98113  936  2.14892
  38 1012  5.98527  433  1.07230  454  1.19344  500  0.99924  909  2.32339
  42  914  5.07585  407  1.47649  424  0.96726  433  1.00178  932  2.45070
  46  748  2.82001  340  0.90220  345  0.74329  370  0.97991  730  1.49778
  50  855  3.92122  331  0.98436  401  0.95465  455  1.70795  804  2.00258
  55  627  2.86997  281  0.99417  305  0.77823  372  0.92787  651  1.40832
  60  898  3.81303  366  1.50711  432  1.39046  450  0.94762  935  2.57806
  70  574  2.72092  236  0.40727  241  0.47159  263  0.74838  528  1.86144
  80  908  3.76243  250  0.64023  323  0.60814  346  1.00134  666  1.65177