0 0 1334 0.00318245877061469
1 10 1361 -0.000615429831006611
2 12 2319 0.00406407934454505
3 15 2664 0.00106223723723724
4 18 2629 0.00264754659566375
5 21 2961 0.00320682201958797
6 24 3046 0.00621667760998031
7 27 3008 0.00383048537234042
8 30 3761 0.0025880882743951
9 34 3556 0.00577744656917886
10 38 3308 0.00446354292623943
11 42 3110 0.0052999035369775
12 46 2533 0.00403209632846426
13 50 2846 0.00458756148981025
14 55 2236 0.0042574686940966
15 60 3081 0.00345767607919507
16 70 1842 0.00216498371335505
17 80 2493 0.00673975130365023