Trading starting				
1996/04/11	"$10,000.00 "			
4 stocks		price >= 30		25%
Rank A only 			Margin	200%
No commissions			Annual	41.96%
maximum	"$9,590,520.56 "		1223 	
95%	"$4,061,477.00 "			
80%	"$2,530,162.36 "			
20%	"$747,278.73 "			
5%	"$393,005.52 "			
minimum	"$50,854.00 "		1161 	
median	"$1,422,027.75 "			
mean	"$1,721,325.20 "		1187 	
geo-mean	"$1,350,452.60 "			4.90561 

	50854.00237	4/12/2010	1164	1.62637 
	53067.21439	4/12/2010	1170	1.66897 
	153474.5675	4/12/2010	1174	2.73095 
	177356.6711	4/12/2010	1167	2.87558 
	178594.5878	4/12/2010	1163	2.88253 
	216301.249	4/12/2010	1172	3.07409 
	217291.709	4/12/2010	1177	3.07866 
	225385.3227	4/12/2010	1182	3.11523 
	228917.586	4/12/2010	1182	3.13078 
	231421.4756	4/12/2010	1170	3.14166 
	233132.8908	4/12/2010	1176	3.14902 
	233399.1605	4/12/2010	1172	3.15017 
	236629.0516	4/12/2010	1164	3.16391 
	239052.9615	4/12/2010	1169	3.17410 
	241709.7844	4/12/2010	1171	3.18515 
	242235.2817	4/12/2010	1175	3.18732 
	242902.023	4/12/2010	1174	3.19007 
	245968.3393	4/12/2010	1168	3.20262 
	247462.0849	4/12/2010	1169	3.20867 
	248723.5814	4/12/2010	1164	3.21376 
	263155.9369	4/12/2010	1184	3.27016 
	271376.9616	4/12/2010	1171	3.30092 
	273044.6637	4/12/2010	1179	3.30705 
	279971.4614	4/12/2010	1178	3.33210 
	294444.2983	4/12/2010	1179	3.38250 
	296355.9822	4/12/2010	1172	3.38898 
	296455.6084	4/12/2010	1176	3.38931 
	298462.3699	4/12/2010	1168	3.39606 
	301124.1228	4/12/2010	1169	3.40494 
	305221.9744	4/12/2010	1171	3.41845 
	306944.7438	4/12/2010	1174	3.42408 
	319330.6814	4/12/2010	1173	3.46364 
	332680.3474	4/12/2010	1161	3.50460 
	340938.4245	4/12/2010	1188	3.52912 
	341904.5977	4/12/2010	1169	3.53195 
	345584.9077	4/12/2010	1173	3.54265 
	347589.1999	4/12/2010	1187	3.54844 
	349296.3086	4/12/2010	1182	3.55334 
	352420.3694	4/12/2010	1170	3.56224 
	352998.6637	4/12/2010	1178	3.56388 
	362391.8994	4/12/2010	1173	3.59014 
	369452.7087	4/12/2010	1193	3.60944 
	371544.1406	4/12/2010	1164	3.61508 
	374433.8143	4/12/2010	1167	3.62283 
	377454.4739	4/12/2010	1169	3.63086 
	377508.848	4/12/2010	1171	3.63101 
	381979.7577	4/12/2010	1191	3.64278 
	384836.5142	4/12/2010	1176	3.65023 
	392760.4349	4/12/2010	1184	3.67061 
	393005.518	4/12/2010	1184	3.67124 
	393748.1101	4/12/2010	1167	3.67313 
	396161.9446	4/12/2010	1170	3.67924 
	398668.6662	4/12/2010	1183	3.68555 
	400901.1646	4/12/2010	1171	3.69113 
	405556.0134	4/12/2010	1188	3.70267 
	408480.9935	4/12/2010	1169	3.70986 
	412782.7286	4/12/2010	1165	3.72034 
	414157.8355	4/12/2010	1172	3.72366 
	415413.2114	4/12/2010	1181	3.72669 
	418140.9275	4/12/2010	1180	3.73323 
	426502.7217	4/12/2010	1179	3.75303 
	429955.9234	4/12/2010	1180	3.76110 
	431079.1762	4/12/2010	1179	3.76371 
	431120.6706	4/12/2010	1169	3.76380 
	432210.9623	4/12/2010	1180	3.76633 
	433464.1909	4/12/2010	1181	3.76922 
	433856.7949	4/12/2010	1174	3.77013 
	437370.7929	4/12/2010	1176	3.77820 
	438432.3798	4/12/2010	1179	3.78062 
	439672.3926	4/12/2010	1178	3.78344 
	443190.533	4/12/2010	1168	3.79141 
	445511.0603	4/12/2010	1168	3.79664 
	447137.342	4/12/2010	1173	3.80028 
	450703.0406	4/12/2010	1191	3.80822 
	459962.582	4/12/2010	1192	3.82856 
	463551.5002	4/12/2010	1173	3.83633 
	463838.9913	4/12/2010	1193	3.83695 
	466033.8875	4/12/2010	1180	3.84167 
	471192.1898	4/12/2010	1169	3.85268 
	478762.8635	4/12/2010	1174	3.86862 
	479702.5806	4/12/2010	1187	3.87058 
	480252.0235	4/12/2010	1182	3.87173 
	481139.4844	4/12/2010	1183	3.87357 
	482819.0655	4/12/2010	1175	3.87706 
	483057.8386	4/12/2010	1187	3.87755 
	483234.3906	4/12/2010	1163	3.87792 
	485360.0013	4/12/2010	1179	3.88231 
	486516.762	4/12/2010	1163	3.88469 
	494727.7105	4/12/2010	1181	3.90142 
	494946.904	4/12/2010	1164	3.90187 
	504897.4161	4/12/2010	1182	3.92177 
	505947.6824	4/12/2010	1164	3.92385 
	505986.3357	4/12/2010	1176	3.92392 
	509110.068	4/12/2010	1176	3.93008 
	513457.1847	4/12/2010	1177	3.93858 
	514437.1053	4/12/2010	1171	3.94049 
	515684.8259	4/12/2010	1177	3.94291 
	516012.7585	4/12/2010	1174	3.94355 
	517259.6758	4/12/2010	1174	3.94596 
	522789.302	4/12/2010	1177	3.95659 
	525518.1357	4/12/2010	1179	3.96180 
	527443.2527	4/12/2010	1180	3.96546 
	530228.9709	4/12/2010	1181	3.97072 
	531469.4849	4/12/2010	1194	3.97306 
	532222.2673	4/12/2010	1167	3.97448 
	533336.9796	4/12/2010	1167	3.97657 
	533499.8396	4/12/2010	1170	3.97687 
	534182.8101	4/12/2010	1185	3.97815 
	538260.0136	4/12/2010	1180	3.98576 
	541014.9054	4/12/2010	1176	3.99086 
	544811.0729	4/12/2010	1171	3.99785 
	545742.0633	4/12/2010	1170	3.99956 
	546870.8387	4/12/2010	1186	4.00163 
	549082.5981	4/12/2010	1192	4.00566 
	550691.7251	4/12/2010	1172	4.00859 
	553509.2753	4/12/2010	1183	4.01369 
	556109.0092	4/12/2010	1181	4.01838 
	558710.7286	4/12/2010	1173	4.02305 
	559259.5542	4/12/2010	1166	4.02403 
	561097.6963	4/12/2010	1184	4.02731 
	561242.615	4/12/2010	1185	4.02757 
	566581.8078	4/12/2010	1181	4.03704 
	568612.0973	4/12/2010	1185	4.04061 
	573117.5825	4/12/2010	1185	4.04851 
	574500.9816	4/12/2010	1176	4.05092 
	580321.0763	4/12/2010	1182	4.06100 
	583022.1912	4/12/2010	1182	4.06564 
	583769.139	4/12/2010	1194	4.06692 
	593857.024	4/12/2010	1173	4.08405 
	594657.8633	4/12/2010	1169	4.08540 
	595480.2839	4/12/2010	1171	4.08678 
	595620.8869	4/12/2010	1180	4.08702 
	599156.0854	4/12/2010	1184	4.09294 
	600279.51	4/12/2010	1183	4.09481 
	600460.7532	4/12/2010	1180	4.09511 
	602091.3107	4/12/2010	1183	4.09782 
	606422.1835	4/12/2010	1187	4.10499 
	608573.4924	4/12/2010	1187	4.10853 
	610782.1671	4/12/2010	1186	4.11216 
	611831.8863	4/12/2010	1176	4.11387 
	614419.3064	4/12/2010	1171	4.11809 
	622914.8789	4/12/2010	1177	4.13182 
	625360.7498	4/12/2010	1169	4.13574 
	625898.5711	4/12/2010	1169	4.13660 
	626473.7369	4/12/2010	1186	4.13752 
	626573.4933	4/12/2010	1176	4.13768 
	626584.6049	4/12/2010	1178	4.13770 
	628027.973	4/12/2010	1176	4.14000 
	628231.6079	4/12/2010	1184	4.14032 
	628360.9313	4/12/2010	1185	4.14053 
	629461.6178	4/12/2010	1179	4.14228 
	629796.4579	4/12/2010	1186	4.14281 
	631274.368	4/12/2010	1163	4.14516 
	631732.0792	4/12/2010	1183	4.14588 
	632152.7079	4/12/2010	1190	4.14655 
	637752.7278	4/12/2010	1170	4.15537 
	638974.5758	4/12/2010	1184	4.15728 
	640673.8187	4/12/2010	1177	4.15994 
	644677.6895	4/12/2010	1176	4.16617 
	645027.5971	4/12/2010	1185	4.16671 
	645509.2658	4/12/2010	1176	4.16745 
	646442.5095	4/12/2010	1183	4.16890 
	646978.2232	4/12/2010	1181	4.16973 
	650657.6773	4/12/2010	1178	4.17540 
	653016.3725	4/12/2010	1187	4.17902 
	653393.7998	4/12/2010	1175	4.17959 
	653772.0671	4/12/2010	1189	4.18017 
	654686.1827	4/12/2010	1174	4.18157 
	656252.2003	4/12/2010	1184	4.18396 
	661742.282	4/12/2010	1188	4.19229 
	663955.113	4/12/2010	1187	4.19563 
	664518.2806	4/12/2010	1174	4.19648 
	667185.0779	4/12/2010	1186	4.20048 
	668270.557	4/12/2010	1185	4.20211 
	668572.5646	4/12/2010	1172	4.20256 
	670614.2422	4/12/2010	1187	4.20561 
	678792.2926	4/12/2010	1183	4.21773 
	682886.5161	4/12/2010	1187	4.22374 
	683164.977	4/12/2010	1199	4.22415 
	684536.5578	4/12/2010	1175	4.22616 
	688635.3093	4/12/2010	1177	4.23213 
	697788.1366	4/12/2010	1171	4.24533 
	701530.4595	4/12/2010	1179	4.25068 
	702002.3593	4/12/2010	1188	4.25135 
	703704.5981	4/12/2010	1185	4.25377 
	712348.3428	4/12/2010	1185	4.26598 
	713222.2285	4/12/2010	1188	4.26721 
	719311.3223	4/12/2010	1178	4.27571 
	723573.8407	4/12/2010	1168	4.28162 
	727663.1791	4/12/2010	1189	4.28725 
	728361.8427	4/12/2010	1177	4.28821 
	728827.2022	4/12/2010	1176	4.28885 
	730302.4142	4/12/2010	1176	4.29087 
	734979.9786	4/12/2010	1176	4.29726 
	736372.5325	4/12/2010	1178	4.29915 
	737410.8068	4/12/2010	1191	4.30056 
	740716.2237	4/12/2010	1174	4.30503 
	741032.4592	4/12/2010	1181	4.30546 
	747211.974	4/12/2010	1179	4.31376 
	747278.7344	4/12/2010	1177	4.31385 
	748242.2541	4/12/2010	1170	4.31514 
	750567.398	4/12/2010	1181	4.31824 
	753523.3757	4/12/2010	1169	4.32217 
	754009.5218	4/12/2010	1191	4.32282 
	756893.3185	4/12/2010	1177	4.32664 
	760603.3991	4/12/2010	1182	4.33153 
	760634.7513	4/12/2010	1176	4.33157 
	760934.5532	4/12/2010	1191	4.33196 
	761044.7729	4/12/2010	1174	4.33211 
	763624.3448	4/12/2010	1183	4.33549 
	768908.4379	4/12/2010	1184	4.34239 
	770343.0426	4/12/2010	1175	4.34425 
	772351.9868	4/12/2010	1181	4.34686 
	772793.4858	4/12/2010	1179	4.34743 
	774221.4228	4/12/2010	1173	4.34927 
	779654.6603	4/12/2010	1173	4.35627 
	781880.0172	4/12/2010	1190	4.35912 
	782951.6758	4/12/2010	1181	4.36049 
	787756.0115	4/12/2010	1185	4.36660 
	789036.8387	4/12/2010	1184	4.36823 
	789039.1935	4/12/2010	1181	4.36823 
	791396.0852	4/12/2010	1187	4.37121 
	794467.514	4/12/2010	1187	4.37509 
	800844.5023	4/12/2010	1190	4.38308 
	801795.5978	4/12/2010	1179	4.38427 
	802225.7122	4/12/2010	1182	4.38480 
	802560.3068	4/12/2010	1183	4.38522 
	803212.7455	4/12/2010	1189	4.38603 
	804017.4674	4/12/2010	1183	4.38704 
	805749.2886	4/12/2010	1189	4.38919 
	808257.58	4/12/2010	1180	4.39230 
	815694.5495	4/12/2010	1189	4.40145 
	816234.5085	4/12/2010	1189	4.40212 
	818643.1092	4/12/2010	1178	4.40506 
	818684.0122	4/12/2010	1174	4.40511 
	821499.5679	4/12/2010	1186	4.40855 
	824882.1509	4/12/2010	1183	4.41266 
	827551.252	4/12/2010	1185	4.41589 
	835917.5081	4/12/2010	1184	4.42594 
	841608.1402	4/12/2010	1191	4.43273 
	843743.8756	4/12/2010	1174	4.43526 
	844555.0454	4/12/2010	1182	4.43622 
	846835.7797	4/12/2010	1188	4.43892 
	849085.6901	4/12/2010	1187	4.44158 
	849544.9144	4/12/2010	1190	4.44212 
	849874.5175	4/12/2010	1172	4.44250 
	850003.9442	4/12/2010	1176	4.44266 
	850753.1747	4/12/2010	1168	4.44354 
	851152.5797	4/12/2010	1176	4.44401 
	851670.955	4/12/2010	1176	4.44462 
	855977.4508	4/12/2010	1192	4.44966 
	856527.9808	4/12/2010	1183	4.45030 
	856699.401	4/12/2010	1194	4.45050 
	857119.6517	4/12/2010	1196	4.45099 
	857204.8401	4/12/2010	1192	4.45109 
	858842.2189	4/12/2010	1168	4.45300 
	863029.1923	4/12/2010	1190	4.45786 
	864638.392	4/12/2010	1181	4.45973 
	865638.4946	4/12/2010	1172	4.46088 
	868977.4958	4/12/2010	1179	4.46473 
	871790.9965	4/12/2010	1184	4.46796 
	872281.8919	4/12/2010	1190	4.46853 
	873276.1784	4/12/2010	1183	4.46967 
	873507.4584	4/12/2010	1175	4.46993 
	873585.0295	4/12/2010	1180	4.47002 
	873734.8974	4/12/2010	1165	4.47019 
	883939.8984	4/12/2010	1177	4.48180 
	890347.6627	4/12/2010	1174	4.48903 
	890694.0448	4/12/2010	1186	4.48942 
	892903.8753	4/12/2010	1178	4.49189 
	893299.6744	4/12/2010	1179	4.49234 
	894406.7696	4/12/2010	1175	4.49358 
	896148.8893	4/12/2010	1191	4.49552 
	902127.9116	4/12/2010	1178	4.50217 
	902228.0763	4/12/2010	1179	4.50228 
	904770.1284	4/12/2010	1196	4.50510 
	907689.3737	4/12/2010	1176	4.50832 
	908971.9794	4/12/2010	1181	4.50973 
	911082.8026	4/12/2010	1174	4.51205 
	911322.0941	4/12/2010	1172	4.51231 
	912803.7311	4/12/2010	1186	4.51394 
	914361.308	4/12/2010	1191	4.51564 
	916562.0836	4/12/2010	1166	4.51804 
	918710.8441	4/12/2010	1177	4.52039 
	926051.2762	4/12/2010	1180	4.52834 
	927873.6317	4/12/2010	1185	4.53031 
	933263.2621	4/12/2010	1174	4.53610 
	933785.4147	4/12/2010	1192	4.53666 
	938692.0442	4/12/2010	1176	4.54190 
	943485.6533	4/12/2010	1184	4.54700 
	943739.9114	4/12/2010	1181	4.54727 
	945771.4438	4/12/2010	1180	4.54942 
	946956.4289	4/12/2010	1191	4.55067 
	947188.6626	4/12/2010	1185	4.55091 
	954996.5837	4/12/2010	1181	4.55912 
	955858.9629	4/12/2010	1187	4.56003 
	962359.8099	4/12/2010	1192	4.56680 
	963943.9634	4/12/2010	1182	4.56845 
	964144.3914	4/12/2010	1189	4.56866 
	969884.9327	4/12/2010	1191	4.57459 
	970887.954	4/12/2010	1175	4.57563 
	977642.8464	4/12/2010	1193	4.58256 
	978541.6306	4/12/2010	1190	4.58348 
	979660.4288	4/12/2010	1173	4.58462 
	987166.4881	4/12/2010	1193	4.59225 
	992016.0877	4/12/2010	1179	4.59715 
	992440.7383	4/12/2010	1180	4.59758 
	994051.478	4/12/2010	1171	4.59920 
	994063.0319	4/12/2010	1187	4.59922 
	995213.2418	4/12/2010	1190	4.60037 
	999848.3513	4/12/2010	1183	4.60502 
	1001592.012	4/12/2010	1186	4.60676 
	1008075.505	4/12/2010	1177	4.61321 
	1008911.761	4/12/2010	1189	4.61404 
	1010748.479	4/12/2010	1180	4.61586 
	1011298.307	4/12/2010	1189	4.61641 
	1017131.715	4/12/2010	1194	4.62216 
	1019239.025	4/12/2010	1186	4.62423 
	1019512.408	4/12/2010	1185	4.62449 
	1019572.717	4/12/2010	1186	4.62455 
	1020095.073	4/12/2010	1180	4.62507 
	1031452.396	4/12/2010	1189	4.63614 
	1033285.14	4/12/2010	1175	4.63791 
	1037910.396	4/12/2010	1187	4.64238 
	1038239.589	4/12/2010	1197	4.64270 
	1040951.776	4/12/2010	1176	4.64531 
	1041910.821	4/12/2010	1185	4.64623 
	1042016.771	4/12/2010	1202	4.64633 
	1042047.193	4/12/2010	1187	4.64636 
	1042739.847	4/12/2010	1186	4.64702 
	1043311.699	4/12/2010	1191	4.64757 
	1043428.212	4/12/2010	1180	4.64768 
	1046124.691	4/12/2010	1178	4.65026 
	1047906.437	4/12/2010	1185	4.65196 
	1048129.02	4/12/2010	1185	4.65218 
	1048573.482	4/12/2010	1180	4.65260 
	1050696.365	4/12/2010	1190	4.65462 
	1057356.043	4/12/2010	1184	4.66094 
	1059625.806	4/12/2010	1187	4.66309 
	1059918.395	4/12/2010	1182	4.66336 
	1064861.661	4/12/2010	1186	4.66802 
	1066545.517	4/12/2010	1186	4.66960 
	1068522.23	4/12/2010	1172	4.67145 
	1074023.606	4/12/2010	1184	4.67658 
	1076801.976	4/12/2010	1190	4.67917 
	1079449.038	4/12/2010	1184	4.68162 
	1080881.876	4/12/2010	1180	4.68295 
	1081096.196	4/12/2010	1191	4.68315 
	1083197.202	4/12/2010	1182	4.68509 
	1084020.688	4/12/2010	1193	4.68585 
	1087365.771	4/12/2010	1194	4.68893 
	1087440.976	4/12/2010	1175	4.68900 
	1088073.452	4/12/2010	1194	4.68958 
	1088542.912	4/12/2010	1191	4.69001 
	1089160.489	4/12/2010	1174	4.69058 
	1090652.208	4/12/2010	1189	4.69195 
	1091183.605	4/12/2010	1178	4.69243 
	1094397.694	4/12/2010	1184	4.69537 
	1094785.331	4/12/2010	1192	4.69573 
	1096203.826	4/12/2010	1193	4.69702 
	1098026.386	4/12/2010	1177	4.69868 
	1099689.322	4/12/2010	1185	4.70020 
	1100917.92	4/12/2010	1188	4.70131 
	1103552.588	4/12/2010	1181	4.70370 
	1105517.384	4/12/2010	1194	4.70548 
	1105990.524	4/12/2010	1190	4.70591 
	1113290.27	4/12/2010	1189	4.71249 
	1113856.896	4/12/2010	1195	4.71300 
	1117721.889	4/12/2010	1178	4.71646 
	1119544.18	4/12/2010	1181	4.71809 
	1122392.186	4/12/2010	1174	4.72063 
	1124077.094	4/12/2010	1182	4.72213 
	1125271.004	4/12/2010	1186	4.72319 
	1128631.91	4/12/2010	1190	4.72618 
	1132511.759	4/12/2010	1174	4.72961 
	1133493.269	4/12/2010	1191	4.73047 
	1137140.279	4/12/2010	1184	4.73369 
	1138117.699	4/12/2010	1205	4.73455 
	1138818.637	4/12/2010	1191	4.73516 
	1139669.376	4/12/2010	1188	4.73591 
	1139790.778	4/12/2010	1193	4.73601 
	1144862.077	4/12/2010	1176	4.74045 
	1147170.41	4/12/2010	1172	4.74247 
	1153299.129	4/12/2010	1190	4.74780 
	1154371.851	4/12/2010	1196	4.74873 
	1155212.425	4/12/2010	1184	4.74945 
	1156277.956	4/12/2010	1196	4.75038 
	1156856.75	4/12/2010	1185	4.75088 
	1157617.292	4/12/2010	1185	4.75153 
	1159624.468	4/12/2010	1179	4.75327 
	1162181.111	4/12/2010	1185	4.75547 
	1164225.467	4/12/2010	1187	4.75723 
	1165333.644	4/12/2010	1183	4.75818 
	1165671.03	4/12/2010	1183	4.75847 
	1167749.473	4/12/2010	1172	4.76025 
	1171034.317	4/12/2010	1175	4.76306 
	1171761.622	4/12/2010	1190	4.76368 
	1173291.829	4/12/2010	1166	4.76498 
	1174506.844	4/12/2010	1191	4.76602 
	1182570.639	4/12/2010	1178	4.77286 
	1185809.999	4/12/2010	1190	4.77560 
	1190453.164	4/12/2010	1195	4.77950 
	1192116.23	4/12/2010	1179	4.78090 
	1193747.766	4/12/2010	1177	4.78227 
	1197010.874	4/12/2010	1174	4.78500 
	1203228.85	4/12/2010	1186	4.79018 
	1204195.906	4/12/2010	1183	4.79098 
	1205631.869	4/12/2010	1184	4.79217 
	1206564.516	4/12/2010	1182	4.79295 
	1208200.131	4/12/2010	1190	4.79430 
	1216330.947	4/12/2010	1189	4.80101 
	1217504.168	4/12/2010	1175	4.80197 
	1217569.505	4/12/2010	1191	4.80203 
	1218008.797	4/12/2010	1182	4.80239 
	1218061.778	4/12/2010	1187	4.80243 
	1218381.807	4/12/2010	1174	4.80269 
	1224874.085	4/12/2010	1188	4.80801 
	1231822.317	4/12/2010	1190	4.81366 
	1238841.975	4/12/2010	1179	4.81935 
	1245858.314	4/12/2010	1192	4.82499 
	1246010.366	4/12/2010	1185	4.82512 
	1248376.254	4/12/2010	1182	4.82701 
	1249578.961	4/12/2010	1200	4.82798 
	1250244.399	4/12/2010	1200	4.82851 
	1252021.767	4/12/2010	1184	4.82993 
	1252566.224	4/12/2010	1187	4.83036 
	1254222.058	4/12/2010	1174	4.83169 
	1260451.593	4/12/2010	1185	4.83664 
	1265599.534	4/12/2010	1176	4.84072 
	1265685.028	4/12/2010	1182	4.84078 
	1270987.885	4/12/2010	1184	4.84496 
	1274384.645	4/12/2010	1185	4.84763 
	1274881.665	4/12/2010	1192	4.84802 
	1275311.326	4/12/2010	1181	4.84836 
	1276215.523	4/12/2010	1175	4.84907 
	1276332.661	4/12/2010	1193	4.84916 
	1279173.252	4/12/2010	1178	4.85138 
	1280945.397	4/12/2010	1192	4.85277 
	1281762.086	4/12/2010	1204	4.85341 
	1282253.56	4/12/2010	1188	4.85379 
	1283369.554	4/12/2010	1187	4.85466 
	1287609.771	4/12/2010	1196	4.85796 
	1289067.726	4/12/2010	1200	4.85909 
	1289404.531	4/12/2010	1188	4.85935 
	1291630.58	4/12/2010	1187	4.86108 
	1295394.385	4/12/2010	1182	4.86399 
	1297046.159	4/12/2010	1173	4.86526 
	1298034.187	4/12/2010	1184	4.86602 
	1299146.977	4/12/2010	1185	4.86688 
	1299695.455	4/12/2010	1182	4.86730 
	1300758.986	4/12/2010	1188	4.86812 
	1303629.966	4/12/2010	1181	4.87032 
	1313625.293	4/12/2010	1183	4.87796 
	1313701.572	4/12/2010	1188	4.87802 
	1314675.403	4/12/2010	1185	4.87876 
	1315221.155	4/12/2010	1185	4.87918 
	1315951.251	4/12/2010	1188	4.87973 
	1318238.909	4/12/2010	1175	4.88147 
	1321808.883	4/12/2010	1190	4.88417 
	1322063.437	4/12/2010	1189	4.88436 
	1322657.841	4/12/2010	1195	4.88481 
	1330436.674	4/12/2010	1192	4.89068 
	1334473.734	4/12/2010	1178	4.89371 
	1337685.132	4/12/2010	1173	4.89611 
	1339090.227	4/12/2010	1182	4.89716 
	1339392.839	4/12/2010	1177	4.89739 
	1340104.501	4/12/2010	1185	4.89792 
	1341423.189	4/12/2010	1183	4.89890 
	1345017.305	4/12/2010	1187	4.90158 
	1349361.876	4/12/2010	1185	4.90480 
	1350509.091	4/12/2010	1197	4.90565 
	1351803.897	4/12/2010	1188	4.90661 
	1352104.069	4/12/2010	1184	4.90683 
	1355348.439	4/12/2010	1185	4.90923 
	1356366.151	4/12/2010	1184	4.90998 
	1364633.516	4/12/2010	1191	4.91606 
	1365191.587	4/12/2010	1182	4.91646 
	1365917.669	4/12/2010	1197	4.91700 
	1367770.337	4/12/2010	1202	4.91835 
	1368940.873	4/12/2010	1185	4.91921 
	1369842.605	4/12/2010	1193	4.91987 
	1370091.315	4/12/2010	1179	4.92005 
	1374591.615	4/12/2010	1186	4.92333 
	1376876.36	4/12/2010	1177	4.92499 
	1378514.508	4/12/2010	1190	4.92618 
	1379534.554	4/12/2010	1207	4.92692 
	1387270.583	4/12/2010	1181	4.93251 
	1387835.745	4/12/2010	1189	4.93292 
	1388469.298	4/12/2010	1194	4.93337 
	1392601.01	4/12/2010	1181	4.93634 
	1393572.316	4/12/2010	1198	4.93704 
	1402113.684	4/12/2010	1190	4.94315 
	1403359.387	4/12/2010	1196	4.94404 
	1409068.314	4/12/2010	1179	4.94810 
	1410303.714	4/12/2010	1178	4.94898 
	1412287.143	4/12/2010	1201	4.95038 
	1415760.06	4/12/2010	1190	4.95284 
	1415922.677	4/12/2010	1195	4.95295 
	1417519.765	4/12/2010	1198	4.95408 
	1419231.387	4/12/2010	1182	4.95529 
	1424824.119	4/12/2010	1187	4.95922 
	1426881.72	4/12/2010	1198	4.96066 
	1428212.759	4/12/2010	1198	4.96159 
	1429795.071	4/12/2010	1187	4.96270 
	1432451.46	4/12/2010	1186	4.96456 
	1434014.275	4/12/2010	1190	4.96565 
	1434107.329	4/12/2010	1196	4.96571 
	1434970.89	4/12/2010	1206	4.96631 
	1435021.222	4/12/2010	1186	4.96635 
	1435961.127	4/12/2010	1188	4.96700 
	1438072.202	4/12/2010	1190	4.96847 
	1438184.814	4/12/2010	1187	4.96855 
	1440740.661	4/12/2010	1182	4.97033 
	1446318.326	4/12/2010	1183	4.97419 
	1446642.379	4/12/2010	1187	4.97442 
	1451404.152	4/12/2010	1175	4.97770 
	1455530.845	4/12/2010	1191	4.98054 
	1458092.532	4/12/2010	1189	4.98230 
	1462405.717	4/12/2010	1185	4.98525 
	1468707.87	4/12/2010	1175	4.98955 
	1469588.463	4/12/2010	1193	4.99015 
	1469976.87	4/12/2010	1181	4.99042 
	1470385.724	4/12/2010	1187	4.99069 
	1470754.782	4/12/2010	1177	4.99095 
	1471744.998	4/12/2010	1184	4.99162 
	1472821.297	4/12/2010	1183	4.99235 
	1474463.121	4/12/2010	1183	4.99346 
	1478423.818	4/12/2010	1183	4.99615 
	1480852.23	4/12/2010	1188	4.99779 
	1482616.905	4/12/2010	1189	4.99898 
	1483789.69	4/12/2010	1173	4.99977 
	1491325.828	4/12/2010	1188	5.00484 
	1492724.387	4/12/2010	1194	5.00577 
	1493174.519	4/12/2010	1189	5.00607 
	1495093.639	4/12/2010	1196	5.00736 
	1496461.632	4/12/2010	1194	5.00827 
	1497234.422	4/12/2010	1180	5.00879 
	1503936.687	4/12/2010	1185	5.01326 
	1508804.413	4/12/2010	1182	5.01649 
	1509617.141	4/12/2010	1185	5.01703 
	1511027.226	4/12/2010	1185	5.01796 
	1515069.052	4/12/2010	1186	5.02063 
	1515163.458	4/12/2010	1186	5.02069 
	1515190.336	4/12/2010	1187	5.02071 
	1519445.184	4/12/2010	1193	5.02352 
	1519839.789	4/12/2010	1190	5.02378 
	1520805.429	4/12/2010	1188	5.02441 
	1525224.515	4/12/2010	1188	5.02731 
	1525485.175	4/12/2010	1187	5.02748 
	1526879.256	4/12/2010	1187	5.02840 
	1527025.331	4/12/2010	1196	5.02849 
	1527117.276	4/12/2010	1196	5.02855 
	1528007.716	4/12/2010	1183	5.02913 
	1533726.391	4/12/2010	1202	5.03287 
	1533741.722	4/12/2010	1182	5.03288 
	1540872.952	4/12/2010	1198	5.03752 
	1542982.883	4/12/2010	1192	5.03889 
	1543468.199	4/12/2010	1181	5.03920 
	1544035.287	4/12/2010	1189	5.03957 
	1544891.012	4/12/2010	1191	5.04012 
	1545219.017	4/12/2010	1179	5.04034 
	1548342.095	4/12/2010	1196	5.04235 
	1550090.098	4/12/2010	1200	5.04348 
	1551960.073	4/12/2010	1188	5.04469 
	1552703.143	4/12/2010	1184	5.04517 
	1554365.158	4/12/2010	1200	5.04624 
	1556934.003	4/12/2010	1186	5.04789 
	1559377.902	4/12/2010	1190	5.04946 
	1563420.333	4/12/2010	1186	5.05205 
	1566638.241	4/12/2010	1180	5.05410 
	1570409.408	4/12/2010	1182	5.05651 
	1572433.188	4/12/2010	1194	5.05779 
	1572806.387	4/12/2010	1182	5.05803 
	1575848.842	4/12/2010	1178	5.05996 
	1580340.587	4/12/2010	1188	5.06281 
	1582217.547	4/12/2010	1178	5.06400 
	1592311.77	4/12/2010	1193	5.07036 
	1597235.691	4/12/2010	1190	5.07344 
	1599041.697	4/12/2010	1186	5.07457 
	1599256.265	4/12/2010	1178	5.07471 
	1602822.678	4/12/2010	1191	5.07694 
	1603390.507	4/12/2010	1191	5.07729 
	1604476.442	4/12/2010	1177	5.07797 
	1609910.392	4/12/2010	1192	5.08135 
	1611941.636	4/12/2010	1179	5.08261 
	1615602.012	4/12/2010	1201	5.08488 
	1617064.963	4/12/2010	1183	5.08578 
	1621855.887	4/12/2010	1171	5.08874 
	1623999.518	4/12/2010	1181	5.09006 
	1624653.655	4/12/2010	1185	5.09046 
	1628861.102	4/12/2010	1191	5.09305 
	1629250.25	4/12/2010	1197	5.09329 
	1631474.626	4/12/2010	1180	5.09465 
	1631993.207	4/12/2010	1187	5.09497 
	1632081.753	4/12/2010	1187	5.09503 
	1632574.479	4/12/2010	1180	5.09533 
	1635670.223	4/12/2010	1185	5.09722 
	1636903.701	4/12/2010	1185	5.09798 
	1637599.055	4/12/2010	1178	5.09840 
	1640930.717	4/12/2010	1192	5.10043 
	1642172.951	4/12/2010	1190	5.10119 
	1644601.593	4/12/2010	1187	5.10267 
	1645646.388	4/12/2010	1181	5.10330 
	1647911.278	4/12/2010	1196	5.10468 
	1652198.192	4/12/2010	1190	5.10728 
	1655334.765	4/12/2010	1183	5.10917 
	1660077.593	4/12/2010	1182	5.11203 
	1661276.508	4/12/2010	1200	5.11276 
	1673502.996	4/12/2010	1194	5.12009 
	1674879.213	4/12/2010	1189	5.12091 
	1675832.706	4/12/2010	1187	5.12148 
	1680353.88	4/12/2010	1190	5.12417 
	1684712.377	4/12/2010	1183	5.12677 
	1685256.579	4/12/2010	1183	5.12709 
	1687753.366	4/12/2010	1185	5.12857 
	1687890.829	4/12/2010	1181	5.12865 
	1690252.98	4/12/2010	1194	5.13005 
	1692079.691	4/12/2010	1195	5.13113 
	1694301.176	4/12/2010	1189	5.13244 
	1695634.824	4/12/2010	1185	5.13323 
	1697648.395	4/12/2010	1188	5.13441 
	1700044.197	4/12/2010	1193	5.13582 
	1706057.853	4/12/2010	1191	5.13936 
	1707876.201	4/12/2010	1186	5.14042 
	1710684.049	4/12/2010	1189	5.14206 
	1713174.452	4/12/2010	1192	5.14352 
	1719708.01	4/12/2010	1203	5.14732 
	1721314.749	4/12/2010	1184	5.14826 
	1722629.006	4/12/2010	1197	5.14902 
	1723379.711	4/12/2010	1196	5.14946 
	1725626.995	4/12/2010	1191	5.15076 
	1735988.133	4/12/2010	1182	5.15675 
	1737616.442	4/12/2010	1182	5.15768 
	1738290.374	4/12/2010	1182	5.15807 
	1754278.873	4/12/2010	1197	5.16723 
	1755015.079	4/12/2010	1192	5.16765 
	1757628.731	4/12/2010	1181	5.16914 
	1762436.294	4/12/2010	1187	5.17187 
	1763318.591	4/12/2010	1183	5.17237 
	1763838.592	4/12/2010	1188	5.17266 
	1767357.116	4/12/2010	1175	5.17466 
	1767945.799	4/12/2010	1180	5.17499 
	1768508.957	4/12/2010	1189	5.17531 
	1769029.579	4/12/2010	1196	5.17560 
	1769030.565	4/12/2010	1185	5.17560 
	1776254.248	4/12/2010	1194	5.17968 
	1776976.176	4/12/2010	1186	5.18008 
	1779967.133	4/12/2010	1186	5.18177 
	1780215.02	4/12/2010	1186	5.18190 
	1785722.22	4/12/2010	1195	5.18499 
	1796656.86	4/12/2010	1192	5.19110 
	1798519.593	4/12/2010	1185	5.19213 
	1799257.129	4/12/2010	1188	5.19254 
	1799416.616	4/12/2010	1183	5.19263 
	1806346.678	4/12/2010	1194	5.19648 
	1808792.666	4/12/2010	1197	5.19783 
	1809329.921	4/12/2010	1211	5.19813 
	1809555.432	4/12/2010	1187	5.19825 
	1815182.4	4/12/2010	1185	5.20136 
	1815500.386	4/12/2010	1191	5.20153 
	1818598.317	4/12/2010	1193	5.20324 
	1821740.101	4/12/2010	1191	5.20496 
	1824365.237	4/12/2010	1203	5.20640 
	1827594.659	4/12/2010	1185	5.20817 
	1828315.327	4/12/2010	1205	5.20857 
	1828901.812	4/12/2010	1195	5.20889 
	1830827.521	4/12/2010	1183	5.20994 
	1836757.069	4/12/2010	1186	5.21317 
	1843741.994	4/12/2010	1206	5.21697 
	1845749.561	4/12/2010	1196	5.21806 
	1851176.253	4/12/2010	1184	5.22099 
	1851841.307	4/12/2010	1181	5.22135 
	1871631.362	4/12/2010	1191	5.23198 
	1872021.341	4/12/2010	1191	5.23219 
	1886509.619	4/12/2010	1191	5.23990 
	1886925.541	4/12/2010	1188	5.24012 
	1890139.342	4/12/2010	1194	5.24182 
	1893138.393	4/12/2010	1192	5.24341 
	1898769.482	4/12/2010	1188	5.24638 
	1898939.716	4/12/2010	1187	5.24647 
	1904854.538	4/12/2010	1193	5.24958 
	1907961.437	4/12/2010	1182	5.25121 
	1912594.318	4/12/2010	1194	5.25363 
	1913120.728	4/12/2010	1179	5.25391 
	1915322.112	4/12/2010	1193	5.25506 
	1915741.495	4/12/2010	1203	5.25527 
	1919554.086	4/12/2010	1188	5.25726 
	1921452.164	4/12/2010	1181	5.25825 
	1923272.339	4/12/2010	1181	5.25920 
	1924616.327	4/12/2010	1183	5.25990 
	1928717.192	4/12/2010	1199	5.26203 
	1931786.01	4/12/2010	1179	5.26362 
	1933793.245	4/12/2010	1185	5.26465 
	1938464.897	4/12/2010	1194	5.26707 
	1940463.814	4/12/2010	1195	5.26810 
	1941569.65	4/12/2010	1185	5.26867 
	1941583.906	4/12/2010	1185	5.26867 
	1948822.327	4/12/2010	1185	5.27240 
	1956733.516	4/12/2010	1190	5.27645 
	1958933.474	4/12/2010	1190	5.27757 
	1962163.436	4/12/2010	1185	5.27922 
	1967684.185	4/12/2010	1181	5.28203 
	1979261.477	4/12/2010	1190	5.28789 
	1981010.323	4/12/2010	1166	5.28878 
	1987948.329	4/12/2010	1200	5.29227 
	1990274.091	4/12/2010	1197	5.29344 
	2004958.407	4/12/2010	1182	5.30079 
	2005262.583	4/12/2010	1191	5.30095 
	2007534.95	4/12/2010	1184	5.30208 
	2008955.041	4/12/2010	1190	5.30278 
	2009787.669	4/12/2010	1198	5.30320 
	2015354.798	4/12/2010	1193	5.30597 
	2019037.799	4/12/2010	1186	5.30779 
	2027816.001	4/12/2010	1192	5.31213 
	2029912.132	4/12/2010	1180	5.31316 
	2034853.776	4/12/2010	1193	5.31559 
	2037218.258	4/12/2010	1201	5.31676 
	2038699.176	4/12/2010	1185	5.31748 
	2041415.462	4/12/2010	1187	5.31881 
	2043982.782	4/12/2010	1195	5.32007 
	2069287.25	4/12/2010	1184	5.33237 
	2079005.15	4/12/2010	1184	5.33706 
	2090527.682	4/12/2010	1187	5.34259 
	2097457.862	4/12/2010	1187	5.34590 
	2099869.695	4/12/2010	1183	5.34705 
	2105153.476	4/12/2010	1200	5.34956 
	2109608.353	4/12/2010	1184	5.35167 
	2126844.549	4/12/2010	1195	5.35981 
	2131480.226	4/12/2010	1199	5.36199 
	2139533.15	4/12/2010	1191	5.36576 
	2141062.315	4/12/2010	1179	5.36647 
	2141396.257	4/12/2010	1182	5.36663 
	2143857.859	4/12/2010	1201	5.36778 
	2146530.818	4/12/2010	1192	5.36902 
	2146610.913	4/12/2010	1204	5.36906 
	2147024.869	4/12/2010	1191	5.36925 
	2154714.165	4/12/2010	1197	5.37283 
	2159576.327	4/12/2010	1192	5.37508 
	2159593.941	4/12/2010	1207	5.37509 
	2161720.501	4/12/2010	1191	5.37607 
	2162399.265	4/12/2010	1197	5.37639 
	2167352.125	4/12/2010	1192	5.37868 
	2167612.044	4/12/2010	1193	5.37880 
	2186245.741	4/12/2010	1190	5.38736 
	2193460.162	4/12/2010	1184	5.39065 
	2198269.157	4/12/2010	1199	5.39284 
	2200059.155	4/12/2010	1203	5.39365 
	2200242.299	4/12/2010	1185	5.39374 
	2211568.648	4/12/2010	1187	5.39887 
	2212577.032	4/12/2010	1178	5.39933 
	2212723.202	4/12/2010	1208	5.39939 
	2217137.255	4/12/2010	1186	5.40139 
	2217558.28	4/12/2010	1201	5.40158 
	2222157.605	4/12/2010	1204	5.40365 
	2229401.579	4/12/2010	1184	5.40690 
	2246504.071	4/12/2010	1205	5.41455 
	2253423.425	4/12/2010	1190	5.41762 
	2259077.762	4/12/2010	1193	5.42013 
	2265600.568	4/12/2010	1186	5.42301 
	2266884.951	4/12/2010	1183	5.42358 
	2268174.778	4/12/2010	1187	5.42415 
	2284077.926	4/12/2010	1188	5.43113 
	2285531.395	4/12/2010	1196	5.43177 
	2291887.729	4/12/2010	1192	5.43455 
	2297205.909	4/12/2010	1194	5.43686 
	2300236.152	4/12/2010	1192	5.43818 
	2310333.207	4/12/2010	1193	5.44256 
	2311924.292	4/12/2010	1184	5.44325 
	2312925.127	4/12/2010	1203	5.44368 
	2317898.276	4/12/2010	1185	5.44583 
	2320494.596	4/12/2010	1188	5.44695 
	2323092.674	4/12/2010	1195	5.44807 
	2328038.71	4/12/2010	1194	5.45020 
	2331313.321	4/12/2010	1194	5.45160 
	2332802.985	4/12/2010	1191	5.45224 
	2338561.514	4/12/2010	1189	5.45471 
	2350954.858	4/12/2010	1187	5.45999 
	2354637.147	4/12/2010	1190	5.46156 
	2386325.86	4/12/2010	1195	5.47493 
	2393614.701	4/12/2010	1193	5.47797 
	2401235.392	4/12/2010	1192	5.48115 
	2406678.255	4/12/2010	1191	5.48342 
	2419774.109	4/12/2010	1183	5.48884 
	2420053.282	4/12/2010	1186	5.48896 
	2421297.462	4/12/2010	1196	5.48947 
	2429865.175	4/12/2010	1196	5.49301 
	2436250.951	4/12/2010	1185	5.49563 
	2454710.112	4/12/2010	1193	5.50318 
	2462879.783	4/12/2010	1192	5.50650 
	2464700.389	4/12/2010	1192	5.50724 
	2469241.653	4/12/2010	1190	5.50908 
	2475428.17	4/12/2010	1193	5.51158 
	2480770.915	4/12/2010	1183	5.51374 
	2481869.413	4/12/2010	1189	5.51418 
	2489418.887	4/12/2010	1189	5.51722 
	2490419.07	4/12/2010	1198	5.51762 
	2514132.741	4/12/2010	1206	5.52710 
	2519401.581	4/12/2010	1191	5.52919 
	2519945.775	4/12/2010	1195	5.52941 
	2530162.363	4/12/2010	1184	5.53345 
	2541498.143	4/12/2010	1196	5.53792 
	2550125.907	4/12/2010	1187	5.54131 
	2563623.317	4/12/2010	1191	5.54659 
	2565106.014	4/12/2010	1194	5.54717 
	2566715.223	4/12/2010	1198	5.54780 
	2570215.667	4/12/2010	1184	5.54916 
	2570729.638	4/12/2010	1176	5.54936 
	2571614.143	4/12/2010	1185	5.54970 
	2588305.881	4/12/2010	1192	5.55617 
	2595193.039	4/12/2010	1186	5.55883 
	2604788.006	4/12/2010	1192	5.56252 
	2609396.125	4/12/2010	1194	5.56429 
	2611781.229	4/12/2010	1188	5.56520 
	2612904.568	4/12/2010	1193	5.56563 
	2626658.613	4/12/2010	1187	5.57088 
	2635497.625	4/12/2010	1193	5.57424 
	2637498.911	4/12/2010	1187	5.57500 
	2659260.811	4/12/2010	1201	5.58322 
	2660695.679	4/12/2010	1187	5.58376 
	2664179.106	4/12/2010	1190	5.58507 
	2667873.221	4/12/2010	1198	5.58645 
	2670818.977	4/12/2010	1183	5.58756 
	2676351.35	4/12/2010	1183	5.58962 
	2697093.59	4/12/2010	1186	5.59734 
	2700304.745	4/12/2010	1196	5.59853 
	2714796.632	4/12/2010	1201	5.60389 
	2717201.921	4/12/2010	1201	5.60477 
	2720053.899	4/12/2010	1195	5.60582 
	2722180.4	4/12/2010	1189	5.60660 
	2723934.176	4/12/2010	1189	5.60725 
	2727109.272	4/12/2010	1200	5.60841 
	2729395.611	4/12/2010	1192	5.60925 
	2738342.86	4/12/2010	1193	5.61252 
	2748565.045	4/12/2010	1189	5.61625 
	2754898.322	4/12/2010	1191	5.61855 
	2775945.558	4/12/2010	1186	5.62616 
	2778614.471	4/12/2010	1200	5.62712 
	2779508.425	4/12/2010	1183	5.62744 
	2783787.063	4/12/2010	1190	5.62898 
	2793117.284	4/12/2010	1201	5.63233 
	2801512.135	4/12/2010	1199	5.63533 
	2810767.869	4/12/2010	1198	5.63863 
	2813274.224	4/12/2010	1183	5.63952 
	2820657.46	4/12/2010	1198	5.64214 
	2825721.123	4/12/2010	1200	5.64393 
	2826563.193	4/12/2010	1198	5.64423 
	2829164.172	4/12/2010	1196	5.64515 
	2831814.327	4/12/2010	1200	5.64609 
	2833212.201	4/12/2010	1194	5.64658 
	2842860.183	4/12/2010	1197	5.64998 
	2851225.03	4/12/2010	1195	5.65292 
	2858979.14	4/12/2010	1191	5.65563 
	2860603.497	4/12/2010	1195	5.65620 
	2862571.48	4/12/2010	1178	5.65689 
	2865511.203	4/12/2010	1191	5.65792 
	2866312.983	4/12/2010	1185	5.65820 
	2866957.56	4/12/2010	1194	5.65842 
	2868556.058	4/12/2010	1204	5.65898 
	2868619.71	4/12/2010	1189	5.65900 
	2881251.443	4/12/2010	1187	5.66339 
	2907002.128	4/12/2010	1189	5.67229 
	2914176.97	4/12/2010	1191	5.67476 
	2915001.123	4/12/2010	1187	5.67504 
	2915837.872	4/12/2010	1194	5.67533 
	2943767.682	4/12/2010	1198	5.68486 
	2952309.415	4/12/2010	1183	5.68776 
	2955043.295	4/12/2010	1200	5.68868 
	2959712.899	4/12/2010	1202	5.69026 
	2964551.758	4/12/2010	1195	5.69190 
	2965728.2	4/12/2010	1215	5.69229 
	2979395.689	4/12/2010	1192	5.69689 
	2985555.492	4/12/2010	1200	5.69896 
	2998411.916	4/12/2010	1198	5.70325 
	3003928.851	4/12/2010	1185	5.70509 
	3024759.412	4/12/2010	1199	5.71200 
	3029784.942	4/12/2010	1186	5.71366 
	3036449.032	4/12/2010	1196	5.71586 
	3040045.504	4/12/2010	1186	5.71704 
	3055510.506	4/12/2010	1201	5.72212 
	3058693.49	4/12/2010	1193	5.72316 
	3060109.468	4/12/2010	1177	5.72362 
	3063957.908	4/12/2010	1199	5.72488 
	3070038.826	4/12/2010	1194	5.72686 
	3073582.793	4/12/2010	1190	5.72801 
	3098708.15	4/12/2010	1180	5.73616 
	3099995.144	4/12/2010	1191	5.73657 
	3103676.43	4/12/2010	1200	5.73776 
	3109231.25	4/12/2010	1186	5.73955 
	3116951.409	4/12/2010	1189	5.74203 
	3120107.431	4/12/2010	1188	5.74304 
	3160288.758	4/12/2010	1201	5.75583 
	3165277.963	4/12/2010	1192	5.75741 
	3172287.691	4/12/2010	1188	5.75962 
	3175047.518	4/12/2010	1201	5.76049 
	3178429.015	4/12/2010	1187	5.76156 
	3189932.666	4/12/2010	1194	5.76517 
	3211885.48	4/12/2010	1190	5.77203 
	3217931	4/12/2010	1186	5.77391 
	3229731.266	4/12/2010	1196	5.77757 
	3260803.249	4/12/2010	1198	5.78714 
	3264185.561	4/12/2010	1203	5.78818 
	3293947.175	4/12/2010	1191	5.79726 
	3312141.77	4/12/2010	1190	5.80277 
	3343653.251	4/12/2010	1195	5.81223 
	3346736.229	4/12/2010	1195	5.81316 
	3376044.936	4/12/2010	1206	5.82188 
	3378454.588	4/12/2010	1193	5.82259 
	3431818.576	4/12/2010	1196	5.83826 
	3455088.809	4/12/2010	1193	5.84502 
	3466202.188	4/12/2010	1196	5.84823 
	3517326.561	4/12/2010	1199	5.86287 
	3523227.255	4/12/2010	1197	5.86455 
	3523750.725	4/12/2010	1197	5.86470 
	3535998.103	4/12/2010	1190	5.86817 
	3553155.881	4/12/2010	1184	5.87301 
	3572320.055	4/12/2010	1201	5.87839 
	3590323.499	4/12/2010	1202	5.88341 
	3591177.934	4/12/2010	1186	5.88365 
	3604147.013	4/12/2010	1193	5.88726 
	3650953.695	4/12/2010	1207	5.90016 
	3651576.448	4/12/2010	1204	5.90033 
	3653808.224	4/12/2010	1197	5.90094 
	3659527.503	4/12/2010	1196	5.90250 
	3680546.806	4/12/2010	1187	5.90823 
	3706171.969	4/12/2010	1190	5.91517 
	3706189.502	4/12/2010	1186	5.91517 
	3718338.788	4/12/2010	1195	5.91845 
	3722038.164	4/12/2010	1191	5.91944 
	3726754.945	4/12/2010	1188	5.92071 
	3731267.84	4/12/2010	1202	5.92192 
	3751857.148	4/12/2010	1205	5.92742 
	3752514.055	4/12/2010	1187	5.92760 
	3764648.553	4/12/2010	1192	5.93082 
	3830284.71	4/12/2010	1199	5.94811 
	3837968.47	4/12/2010	1200	5.95011 
	3853531.182	4/12/2010	1196	5.95416 
	3863071.325	4/12/2010	1196	5.95663 
	3878025.806	4/12/2010	1209	5.96050 
	3931347.207	4/12/2010	1195	5.97415 
	3951005.914	4/12/2010	1189	5.97914 
	3980554.453	4/12/2010	1201	5.98659 
	3982811.781	4/12/2010	1191	5.98716 
	3989662.355	4/12/2010	1203	5.98888 
	3990824.628	4/12/2010	1184	5.98917 
	3998533.621	4/12/2010	1186	5.99110 
	4013582.647	4/12/2010	1193	5.99485 
	4022568.285	4/12/2010	1209	5.99709 
	4026420.786	4/12/2010	1207	5.99805 
	4061196.368	4/12/2010	1199	6.00665 
	4061477.003	4/12/2010	1201	6.00672 
	4065129.309	4/12/2010	1185	6.00762 
	4170320.607	4/12/2010	1202	6.03316 
	4171891.743	4/12/2010	1198	6.03354 
	4207208.22	4/12/2010	1195	6.04197 
	4209699.027	4/12/2010	1183	6.04256 
	4320298.833	4/12/2010	1195	6.06849 
	4349052.381	4/12/2010	1193	6.07513 
	4434128.698	4/12/2010	1200	6.09450 
	4438677.472	4/12/2010	1209	6.09553 
	4442210.644	4/12/2010	1192	6.09632 
	4448607.981	4/12/2010	1190	6.09776 
	4464128.198	4/12/2010	1191	6.10124 
	4479162.242	4/12/2010	1204	6.10461 
	4516442.31	4/12/2010	1192	6.11289 
	4549838.996	4/12/2010	1201	6.12026 
	4587126.714	4/12/2010	1188	6.12842 
	4642265.056	4/12/2010	1191	6.14037 
	4760050.77	4/12/2010	1197	6.16543 
	4787060.991	4/12/2010	1201	6.17109 
	4862643.631	4/12/2010	1188	6.18675 
	4939857.962	4/12/2010	1199	6.20251 
	5015871.226	4/12/2010	1209	6.21778 
	5023477.623	4/12/2010	1204	6.21929 
	5071112.504	4/12/2010	1192	6.22873 
	5102063.608	4/12/2010	1208	6.23482 
	5102452.728	4/12/2010	1200	6.23489 
	5180888.862	4/12/2010	1208	6.25015 
	5187756.934	4/12/2010	1199	6.25147 
	5194299.631	4/12/2010	1185	6.25273 
	5199607.41	4/12/2010	1204	6.25375 
	5237594.518	4/12/2010	1197	6.26103 
	5265779.404	4/12/2010	1198	6.26640 
	5269518.707	4/12/2010	1223	6.26711 
	5392334.625	4/12/2010	1207	6.29015 
	5447868.357	4/12/2010	1202	6.30039 
	5471146.961	4/12/2010	1189	6.30466 
	5491475.255	4/12/2010	1207	6.30837 
	5878694.677	4/12/2010	1199	6.37650 
	6234978.767	4/12/2010	1193	6.43535 
	6289633.553	4/12/2010	1191	6.44407 
	6345131.772	4/12/2010	1198	6.45286 
	6455746.525	4/12/2010	1189	6.47014 
	6506605.857	4/12/2010	1196	6.47799 
	6679859.768	4/12/2010	1197	6.50427 
	6892090.702	4/12/2010	1215	6.53554 
	7391923.864	4/12/2010	1203	6.60556 
	8351436.181	4/12/2010	1199	6.72760 
	8364686.452	4/12/2010	1199	6.72919 
	8643523.643	4/12/2010	1192	6.76198 
	9590520.563	4/12/2010	1203	6.86595 
